================================== Total Action Changes ==================================

========== DRAM Frequency: 150 MHz ==========
                           |--- Size: 256 ---            |--- Size: 512 ---            |--- Size: 1024 ---           |--- Size: 2048 ---           |--- Size: 4096 ---           
Benchmark                          pythia    pathfinder |        pythia    pathfinder |        pythia    pathfinder |        pythia    pathfinder |        pythia    pathfinder |
---------------------------------------------------------------------------------------------------------------------------------------------------------------------------------
450.soplex-s0.trace.gz            105,952       226,978 |       104,270       227,250 |       104,214       226,744 |       106,450       227,012 |       103,595       227,184 |
471.omnetpp-s1.trace.gz           110,623       556,494 |       111,730       558,384 |       112,518       556,494 |       113,320       556,494 |       116,350       556,494 |
473.astar-s1.trace.gz              54,403        50,301 |        55,591        50,301 |        57,285        50,282 |        58,450        50,283 |        58,812        50,281 |
482.sphinx3-s0.trace.gz             3,975        50,238 |         4,049        50,168 |         4,504        50,365 |         3,890        50,427 |         8,329        50,526 |
605.mcf-s1.trace.xz               103,625        39,990 |       103,375        39,962 |       103,889        39,826 |       104,415        39,826 |       105,420        39,826 |
623.xalancbmk-s1.trace.xz             189        57,955 |           185        58,084 |           192        57,771 |           125        57,238 |           229        55,209 |
bfs-10.trace.gz                       353        81,231 |           352        81,231 |           354        81,231 |           351        81,231 |           345        81,231 |
cc-5.trace.gz                      71,972       358,838 |        71,218       358,820 |        68,584       358,816 |        60,850       358,765 |        44,540       358,743 |

========== DRAM Frequency: 300 MHz ==========
                           |--- Size: 256 ---            |--- Size: 512 ---            |--- Size: 1024 ---           |--- Size: 2048 ---           |--- Size: 4096 ---           
Benchmark                          pythia    pathfinder |        pythia    pathfinder |        pythia    pathfinder |        pythia    pathfinder |        pythia    pathfinder |
---------------------------------------------------------------------------------------------------------------------------------------------------------------------------------
450.soplex-s0.trace.gz            102,067       227,625 |       101,502       227,797 |       100,849       227,843 |       103,246       227,744 |       101,393       227,980 |
471.omnetpp-s1.trace.gz            89,978       556,556 |        89,959       558,564 |        90,100       556,556 |        94,989       556,556 |        96,089       556,556 |
473.astar-s1.trace.gz              54,504        50,299 |        55,405        50,299 |        59,872        50,284 |        60,298        50,283 |        60,461        50,281 |
482.sphinx3-s0.trace.gz             4,082        50,383 |         3,970        50,280 |         3,439        50,453 |         4,057        50,518 |         6,428        50,540 |
605.mcf-s1.trace.xz                85,928        39,974 |        86,474        39,965 |        87,193        39,887 |        87,842        39,887 |        89,443        39,887 |
623.xalancbmk-s1.trace.xz             214        56,138 |           208        56,105 |           203        56,068 |           147        56,195 |           228        55,209 |
bfs-10.trace.gz                       298        81,231 |           286        81,231 |           298        81,231 |           292        81,231 |           331        81,231 |
cc-5.trace.gz                      19,491       358,834 |        19,590       358,823 |        19,094       358,813 |        20,501       358,767 |        31,654       358,677 |

========== DRAM Frequency: 600 MHz ==========
                           |--- Size: 256 ---            |--- Size: 512 ---            |--- Size: 1024 ---           |--- Size: 2048 ---           |--- Size: 4096 ---           
Benchmark                          pythia    pathfinder |        pythia    pathfinder |        pythia    pathfinder |        pythia    pathfinder |        pythia    pathfinder |
---------------------------------------------------------------------------------------------------------------------------------------------------------------------------------
450.soplex-s0.trace.gz            103,765       227,644 |       104,173       227,639 |       105,276       227,913 |       105,552       228,174 |       106,137       228,580 |
471.omnetpp-s1.trace.gz            96,961       556,632 |        94,610       557,821 |        99,187       556,632 |       101,706       556,632 |       106,260       556,632 |
473.astar-s1.trace.gz              60,681        50,298 |        60,246        50,296 |        61,256        50,284 |        62,071        50,283 |        61,848        50,281 |
482.sphinx3-s0.trace.gz             1,888        49,716 |         2,545        49,782 |         2,022        50,571 |         2,324        50,608 |         4,182        50,604 |
605.mcf-s1.trace.xz               108,631        40,040 |       109,443        40,020 |       110,854        39,886 |       113,108        39,886 |       115,506        39,886 |
623.xalancbmk-s1.trace.xz             161        55,981 |           187        55,964 |           140        55,942 |           186        56,048 |           234        55,209 |
bfs-10.trace.gz                       310        81,231 |           308        81,231 |           296        81,231 |           298        81,231 |           299        81,231 |
cc-5.trace.gz                      21,819       358,834 |        22,002       358,818 |        24,121       358,811 |        33,353       358,764 |        71,904       358,672 |

========== DRAM Frequency: 1200 MHz ==========
                           |--- Size: 256 ---            |--- Size: 512 ---            |--- Size: 1024 ---           |--- Size: 2048 ---           |--- Size: 4096 ---           
Benchmark                          pythia    pathfinder |        pythia    pathfinder |        pythia    pathfinder |        pythia    pathfinder |        pythia    pathfinder |
---------------------------------------------------------------------------------------------------------------------------------------------------------------------------------
450.soplex-s0.trace.gz            107,755       228,112 |       108,108       228,180 |       108,534       228,125 |       109,945       228,262 |       112,468       228,589 |
471.omnetpp-s1.trace.gz           100,578       556,518 |        99,568       558,227 |       102,539       556,518 |       103,172       556,518 |       110,054       556,518 |
473.astar-s1.trace.gz              62,052        50,292 |        62,291        50,295 |        62,685        50,285 |        63,067        50,283 |        63,897        50,281 |
482.sphinx3-s0.trace.gz             1,242        49,685 |         1,156        49,724 |         1,363        50,524 |         1,240        50,579 |         3,115        50,586 |
605.mcf-s1.trace.xz               121,379        40,175 |       121,816        40,165 |       123,088        40,021 |       124,355        40,021 |       125,891        40,021 |
623.xalancbmk-s1.trace.xz             115        55,973 |           124        55,950 |           118        55,921 |           114        56,021 |           230        55,209 |
bfs-10.trace.gz                       303        81,231 |           306        81,229 |           321        81,231 |           317        81,231 |           305        81,231 |
cc-5.trace.gz                      31,946       358,823 |        33,075       358,802 |        38,247       358,783 |        55,408       358,738 |       114,135       358,666 |

========== DRAM Frequency: 2400 MHz ==========
                           |--- Size: 256 ---            |--- Size: 512 ---            |--- Size: 1024 ---           |--- Size: 2048 ---           |--- Size: 4096 ---           
Benchmark                          pythia    pathfinder |        pythia    pathfinder |        pythia    pathfinder |        pythia    pathfinder |        pythia    pathfinder |
---------------------------------------------------------------------------------------------------------------------------------------------------------------------------------
450.soplex-s0.trace.gz            105,161       228,130 |       101,980       228,276 |       104,871       228,208 |       108,336       228,366 |       109,682       228,582 |
471.omnetpp-s1.trace.gz           101,803       556,521 |        99,821       558,170 |       100,572       556,521 |       105,843       556,521 |       111,323       556,521 |
473.astar-s1.trace.gz              63,122        50,292 |        62,305        50,293 |        63,297        50,285 |        63,185        50,283 |        63,369        50,281 |
482.sphinx3-s0.trace.gz             1,572        49,693 |         1,389        49,701 |         1,451        50,516 |         1,568        50,563 |         4,649        50,586 |
605.mcf-s1.trace.xz               128,775        40,193 |       128,666        40,185 |       128,998        40,056 |       128,856        40,056 |       128,486        40,056 |
623.xalancbmk-s1.trace.xz             115        55,950 |           112        55,926 |           122        55,918 |           114        56,019 |           230        55,209 |
bfs-10.trace.gz                       309        81,229 |           312        81,231 |           315        81,231 |           309        81,231 |           309        81,231 |
cc-5.trace.gz                      61,654       358,811 |        63,260       358,818 |        72,128       358,797 |        97,944       358,725 |       149,797       358,674 |

========== DRAM Frequency: 4800 MHz ==========
                           |--- Size: 256 ---            |--- Size: 512 ---            |--- Size: 1024 ---           |--- Size: 2048 ---           |--- Size: 4096 ---           
Benchmark                          pythia    pathfinder |        pythia    pathfinder |        pythia    pathfinder |        pythia    pathfinder |        pythia    pathfinder |
---------------------------------------------------------------------------------------------------------------------------------------------------------------------------------
450.soplex-s0.trace.gz            103,843       228,250 |       102,321       228,350 |       103,730       228,371 |       104,938       228,540 |       107,276       228,619 |
471.omnetpp-s1.trace.gz           102,296       556,310 |       100,460       557,950 |       103,052       556,310 |       105,375       556,310 |       107,726       556,310 |
473.astar-s1.trace.gz              61,879        50,294 |        63,153        50,294 |        63,523        50,285 |        63,944        50,283 |        63,147        50,281 |
482.sphinx3-s0.trace.gz             1,566        49,676 |         1,447        49,698 |         1,611        50,510 |         1,647        50,566 |         4,730        50,595 |
605.mcf-s1.trace.xz               125,954        40,236 |       126,007        40,229 |       126,096        40,091 |       126,400        40,091 |       126,478        40,091 |
623.xalancbmk-s1.trace.xz             115        55,957 |           112        55,921 |           122        55,918 |           114        56,017 |           230        55,209 |
bfs-10.trace.gz                       317        81,229 |           324        81,229 |           311        81,229 |           306        81,229 |           312        81,229 |
cc-5.trace.gz                     127,877       358,763 |       128,739       358,761 |       137,543       358,725 |       150,588       358,710 |       152,139       358,664 |

========== DRAM Frequency: 9600 MHz ==========
                           |--- Size: 256 ---            |--- Size: 512 ---            |--- Size: 1024 ---           |--- Size: 2048 ---           |--- Size: 4096 ---           
Benchmark                          pythia    pathfinder |        pythia    pathfinder |        pythia    pathfinder |        pythia    pathfinder |        pythia    pathfinder |
---------------------------------------------------------------------------------------------------------------------------------------------------------------------------------
450.soplex-s0.trace.gz            106,553       228,293 |       109,222       228,281 |       108,087       228,600 |       103,955       228,532 |       108,105       228,450 |
471.omnetpp-s1.trace.gz           100,313       556,278 |       104,995       557,869 |       100,995       556,278 |       110,523       556,278 |       109,525       556,278 |
473.astar-s1.trace.gz              62,644        50,294 |        62,110        50,294 |        62,282        50,285 |        63,310        50,283 |        62,907        50,281 |
482.sphinx3-s0.trace.gz             1,352        49,676 |         1,254        49,700 |         1,502        50,506 |         1,693        50,577 |         4,762        50,599 |
605.mcf-s1.trace.xz               125,738        40,224 |       126,222        40,218 |       126,468        40,082 |       126,413        40,082 |       126,282        40,082 |
623.xalancbmk-s1.trace.xz             113        55,957 |           112        55,917 |           120        55,920 |           114        56,017 |           230        55,209 |
bfs-10.trace.gz                       317        81,231 |           324        81,231 |           311        81,231 |           306        81,231 |           312        81,231 |
cc-5.trace.gz                     151,668       358,780 |       151,403       358,783 |       151,687       358,761 |       151,806       358,716 |       151,668       358,663 |